1
1
8
8
22
22
22
22
50
50
50
50
50
50
50
50
106
106
106
106
106
106
106
106
106
106
106
106
106
106
106
106
218
218
218
218
218
218
218
218
218
218
218
218
218
218
218
218
218
218
218
218
218
218
218
218
218
218
218
218
218
218
218
218
442
442
442
442
442
442
442
442
442
442
442
442
442
442
442
442
442
442
442
442
442
442
442
442
442
442
442
442
442
442
442
442
442
442
442
442
442
442
449
449
463
463
463
463
491
491
491
491
491
491
491
491
547
547
547
547
547
547
547
547
547
547
547
547
995
995
995
995
1107
1107
1107
1107
1107
1107
1107
1107
1107
1107
1107
1107
1107
1107
1107
1107
1107
1107
1107
1107
1107
1107
1107
1107
1107
1107
1107
1107
1107
1107
1107
1107
1331
1331
1331
1331
1331
1331
1331
1331
1331
1331
1331
1331
1331
1331
1331
1331
1331
1331
1331
1331
1331
1331
1331
1331
1331
1331
1331
1331
1331
1331
1331
1331
1331
1331
1331
1331
1331
1331
1338
1338
1366
1366
1366
1366
1422
1422
1422
1422
1422
1422
1422
1422
1534
1534
1534
1534
1534
1534
1534
1534
1534
1534
1534
1534
1982
1982
1982
1982
2206
2206
2206
2206
2206
2206
2206
2206
2206
2206
2206
2206
2206
2206
2206
2206
2206
2206
2206
2206
2206
2206
2206
2206
3102
3102
3102
3102
3102
3102
3102
3102
3550
3550
3550
3550
3550
3550
3550
3550
3550
3550
3550
3550
3550
3550
3550
3550
3550
3550
3550
3550
3550
3550
3550
3550
3550
3550
3550
3550
3550
3550
3550
3550
3550
3550
3550
3550
3550
3550
3557
3557
3585
3585
3585
3585
3641
3641
3641
3641
3641
3641
3641
3641
3753
3753
3753
3753
3753
3753
3753
3753
3753
3753
3753
3753
4649
4649
4649
4649
4873
4873
4873
4873
4873
4873
4873
4873
4873
4873
4873
4873
4873
4873
4873
4873
4873
4873
4873
4873
4873
4873
4873
4873
5769
5769
5769
5769
5769
5769
5769
5769
6217
6217
6217
6217
6217
6217
6217
6217
6217
6217
6217
6217
6217
6217
6217
6217
6217
6217
6217
6217
6217
6217
6217
6217
6217
6217
6217
6217
6217
6217
6217
6217
6217
6217
6217
6217
6217
6217
6224
6224
6266
6266
6266
6266
6378
6378
6378
6378
6378
6378
6378
6378
6602
6602
6602
6602
6602
6602
6602
6602
6602
6602
6602
6602
7498
7498
7498
7498
7946
7946
7946
7946
7946
7946
7946
7946
7946
7946
7946
7946
7946
7946
7946
7946
7946
7946
7946
7946
7946
7946
7946
7946
9738
9738
9738
9738
9738
9738
9738
9738
10634
10634
10634
10634
10634
10634
10634
10634
10634
10634
10634
10634
10634
10634
10634
10634
10634
10634
10634
10634
10634
10634
10634
10634
10634
10634
10634
10634
10634
10634
10634
10634
10634
10634
10634
10634
10634
10634
10641
10641
10683
10683
10683
10683
10795
10795
10795
10795
12587
12587
12587
12587
12811
12811
12811
12811
12811
12811
12811
12811
12811
12811
12811
12811
14603
14603
14603
14603
15051
15051
15051
15051
15051
15051
15051
15051
15051
15051
15051
15051
15051
15051
15051
15051
15051
15051
15051
15051
15051
15051
15051
15051
16843
16843
16843
16843
16843
16843
16843
16843
17739
17739
17739
17739
17739
17739
17739
17739
17739
17739
17739
17739
17739
17739
17739
17739
17739
17739
17739
17739
17739
17739
17739
17739
17739
17739
17739
17739
17739
17739
17739
17739
17739
17739
17739
17739
17739
17739
17746
17746
17802
17802
17802
17802
17970
17970
17970
17970
19762
19762
19762
19762
20098
20098
20098
20098
20098
20098
20098
20098
20098
20098
20098
20098
21890
21890
21890
21890
22562
22562
22562
22562
22562
22562
22562
22562
22562
22562
22562
22562
22562
22562
22562
22562
22562
22562
22562
22562
22562
22562
22562
22562
26146
26146
26146
26146
26146
26146
26146
26146
27490
27490
27490
27490
27490
27490
27490
27490
27490
27490
27490
27490
27490
27490
27490
27490
27490
27490
27490
27490
27490
27490
27490
27490
27490
27490
27490
27490
27490
27490
27490
27490
27490
27490
27490
27490
27490
27490
27497
27497
27553
27553
27553
27553
27721
27721
27721
27721
31305
31305
31305
31305
31641
31641
31641
31641
31641
31641
31641
31641
31641
31641
31641
31641
34329
34329
34329
34329
35001
35001
35001
35001
35001
35001
35001
35001
35001
35001
35001
35001
35001
35001
35001
35001
35001
35001
35001
35001
35001
35001
35001
35001
38585
38585
38585
38585
38585
38585
38585
38585
39929
39929
39929
39929
39929
39929
39929
39929
39929
39929
39929
39929
39929
39929
39929
39929
39929
39929
39929
39929
39929
39929
39929
39929
39929
39929
39929
39929
39929
39929
39929
39929
39929
39929
39929
39929
39929
39929
39936
39936
40006
40006
40006
40006
40258
40258
40258
40258
43842
43842
43842
43842
44402
44402
44402
44402
44402
44402
44402
44402
44402
44402
44402
44402
47090
47090
47090
47090
48210
48210
48210
48210
48210
48210
48210
48210
48210
48210
48210
48210
48210
48210
48210
48210
48210
48210
48210
48210
48210
48210
48210
48210
53586
53586
53586
53586
53586
53586
53586
53586
55826
55826
55826
55826
55826
55826
55826
55826
55826
55826
55826
55826
55826
55826
55826
55826
55826
55826
55826
55826
55826
55826
55826
55826
55826
55826
55826
55826
55826
55826
55826
55826
55826
55826
55826
55826
55826
55826
55833
55833
55903
55903
55903
55903
56155
56155
56155
56155
63323
63323
63323
63323
63883
63883
63883
63883
63883
63883
63883
63883
63883
63883
63883
63883
68363
68363
68363
68363
69483
69483
69483
69483
69483
69483
69483
69483
69483
69483
69483
69483
69483
69483
69483
69483
69483
69483
69483
69483
69483
69483
69483
69483
74859
74859
74859
74859
74859
74859
74859
74859
77099
77099
77099
77099
77099
77099
77099
77099
77099
77099
77099
77099
77099
77099
77099
77099
77099
77099
77099
77099
77099
77099
77099
77099
77099
77099
77099
77099
77099
77099
77099
77099
77099
77099
77099
77099
77099
77099
77106
77106
77190
77190
77190
77190
77526
77526
77526
77526
84694
84694
84694
84694
85478
85478
85478
85478
85478
85478
85478
85478
89062
